	12	12	40
	8	8	24
	8	8	24
	9	9	27
	8	8	25
	4	4	13
	8	8	25
	12	12	40
	4	4	12
	8	8	24
	16	16	55
	15	15	51
	8	8	24
	35	35	131
	8	8	25
	8	8	25
	7	7	22
	6	6	19
	2	2	6
	8	8	24
	10	10	31
	3	3	10
	5	5	16
	5	5	15
	9	9	28
	8	8	25
	17	17	60
	6	6	19
	4	4	12
	11	11	36
	17	17	63
	10	10	31
	5	5	16
	17	17	62
	17	17	64
	8	8	25
	3	3	9
	4	4	13
	4	4	13
	6	6	19
	10	10	32
	4	4	13
	5	5	16
	5	5	16
	10	10	32
	13	13	44
	4	4	13
	8	8	24
	13	13	44
	4	4	13
	9	9	27
	11	11	35
	4	4	13
	23	23	84
	6	6	19
	9	9	28
	5	5	17
	4	4	13
	6	6	19
	6	6	19
	8	8	24
	4	4	12
	4	4	13
	4	4	13
	9	9	28
	4	4	13
	1	1	4
	9	9	27
